   48.308146928155679        28.788405085277848     
   28.788405085277848        28.893252973399850     
   28.893252973399850        29.010330616026739     
   29.010330616026739        29.136096898393593     
   29.136096898393593        29.270092253117394     
   29.270092253117394        29.413104047345659     
   29.413104047345659        29.565846765743139     
   29.565846765743139        29.728795387995838     
   29.728795387995838        29.908002764210647     
   29.908002764210647        30.101154430754594     
   30.101154430754594        30.306204906512207     
   30.306204906512207        30.531251590656559     
   30.531251590656559        30.773458529737606     
   30.773458529737606        31.043902806615478     
   31.043902806615478        31.338438859487727     
   31.338438859487727        31.662626956239162     
   31.662626956239162        32.024515657076421     
   32.024515657076421        32.430604173417159     
   32.430604173417159        32.902566778695494     
   32.902566778695494        33.444265245747403     
   33.444265245747403        34.102125684591925     
   34.102125684591925        34.887145342159457     
   34.887145342159457        35.935901130820696     
   35.935901130820696        37.423174189527408     
   37.423174189527408        40.129330854674521     
   40.129330854674521        39.181442596239449     
   39.181442596239449        41.483480810091464     
   41.483480810091464        36.929880957445540     
   36.929880957445540        39.097971281829388     
   39.097971281829388        41.680479194126555     
   41.680479194126555        36.648760786263011     
   36.648760786263011        38.604794955296327     
   38.604794955296327        44.702014702947324     
   44.702014702947324        32.855734099953125     
   32.855734099953125        33.379507386664748     
   33.379507386664748        34.027804405017129     
   34.027804405017129        34.798446018626350     
   34.798446018626350        35.800261000117175     
   35.800261000117175        37.227713737028260     
   37.227713737028260        39.716494266665201     
   39.716494266665201        40.050066054747028     
   40.050066054747028        39.332543326693603     
   39.332543326693603        41.017099081822963     
   41.017099081822963        37.631404957306707     
   37.631404957306707        40.633473887084442     
   40.633473887084442        38.232468773490176     
   38.232468773490176        42.788991461628513     
   42.788991461628513        35.158561605542772     
   35.158561605542772        36.284412457772632     
   36.284412457772632        37.968998305717875     
   37.968998305717875        41.675353366788833     
   41.675353366788833        36.666329857545371     
   36.666329857545371        38.622659110730673     
   38.622659110730673        44.379571543930723     
   44.379571543930723        33.166785099480322     
   33.166785099480322        33.762909412914752     
   33.762909412914752        34.480876755624671     
   34.480876755624671        35.393926694549407     
   35.393926694549407        36.599195738920244     
   36.599195738920244        38.514275300015150     
   38.514275300015150        45.662231730006738     
   45.662231730006738        31.731262033312010     
   31.731262033312010        32.093195014921257     
   32.093195014921257        32.513800125122785     
   32.513800125122785        32.998120071118180     
   32.998120071118180        33.555584771658701     
   33.555584771658701        34.232292960260352     
   34.232292960260352        35.070637635466078     
   35.070637635466078        36.166375015946990     
   36.166375015946990        37.782622024701155     
   37.782622024701155        41.055100189306032     
   41.055100189306032        37.585583921046016     
   37.585583921046016        40.530667792561665     
